/SiMCosta Tramandaí Sea Level Station
/L1 data
/missing = NULL
/latitude = -30.005
/longitude = -50.129
/Sensor Mount = Fixed
/Acknowledging or Crediting SiMCosta as Information Source : (Product or data name) courtesy of the Brazilian Coastal Monitoring System - SiMCosta  (www.simcosta.furg.br)
/Disclaimer: All products published on this website are not intended to be used for navigational or operational purposes.
/YEAR MONTH DAY HOUR MINUTE SECOND: Date/Time Data Acquisition (UTC)
/Wnd_Sp: Instantaneous Wind Speed (m/s)
/Wnd_dir_N: Instantaneous Wind Direction, true north reference (Degrees (°))
/Air_Tmp: Instantaneous Air Temperature (Celsius (°C))
/Todas as medidas de nível do mar estão referenciadas ao instrumento. O zero do instrumento é o centro de fase do emissor de microondas. Futuramente esse referencial local será acoplado a  Rede Altimétrica de Alta Precisão (RAAP/IBGE).
/All sea level measurements are referenced to the instrument. The instrument zero is the phase center of the microwave emitter. In the future this local reference will be coupled to the High Precision Altimetric Network (RAAP / IBGE).
YEAR	MONTH	DAY	HOUR	MINUTE	SECOND	Wnd_Sp	Wnd_dir_N	Air_Tmp
2018	3	14	3	1	00	86.00	14.00	23.30
2018	3	14	3	15	00	85.00	30.00	23.60
2018	3	14	3	31	00	80.00	13.00	23.40
2018	3	14	3	45	00	84.00	18.00	23.60
2018	3	14	4	1	00	81.00	19.00	23.40
2018	3	14	4	15	00	71.00	19.00	23.50
2018	3	14	4	30	00	88.00	14.00	23.60
2018	3	14	4	45	00	76.00	4.00	23.30
2018	3	14	5	0	00	68.00	17.00	23.50
2018	3	14	5	15	00	44.00	6.00	23.10
2018	3	14	5	30	00	42.00	2.00	22.90
2018	3	14	5	46	00	40.00	6.00	22.80
2018	3	14	6	0	00	29.00	0.00	22.70
2018	3	14	6	16	00	27.00	2.00	22.40
2018	3	14	6	30	00	21.00	27.00	22.10
2018	3	14	6	46	00	24.00	5.00	22.00
2018	3	14	7	0	00	35.00	10.00	21.90
2018	3	14	7	15	00	18.00	350.00	21.70
2018	3	14	7	31	00	5.00	1.00	21.40
2018	3	14	7	45	00	13.00	306.00	21.50
2018	3	14	8	0	00	13.00	298.00	21.20
2018	3	14	8	16	00	18.00	309.00	21.10
2018	3	14	8	30	00	20.00	292.00	20.90
2018	3	14	8	45	00	15.00	324.00	21.00
2018	3	14	9	0	00	24.00	324.00	21.20
2018	3	14	9	16	00	19.00	315.00	21.20
2018	3	14	9	30	00	16.00	288.00	21.20
2018	3	14	9	45	00	11.00	274.00	21.60
2018	3	14	10	0	00	14.00	347.00	22.00
2018	3	14	10	16	00	26.00	324.00	21.90
2018	3	14	10	30	00	25.00	317.00	21.70
2018	3	14	10	46	00	34.00	326.00	22.20
2018	3	14	11	0	00	22.00	279.00	22.60
2018	3	14	11	15	00	5.00	288.00	22.70
2018	3	14	11	30	00	19.00	245.00	23.20
2018	3	14	11	46	00	9.00	271.00	23.70
2018	3	14	12	0	00	16.00	249.00	24.00
2018	3	14	12	15	00	25.00	189.00	23.50
2018	3	14	12	30	00	14.00	98.00	23.90
2018	3	14	12	45	00	24.00	130.00	23.30
2018	3	14	13	1	00	27.00	134.00	23.50
2018	3	14	13	15	00	30.00	128.00	23.40
2018	3	14	13	31	00	37.00	149.00	23.40
2018	3	14	13	45	00	38.00	129.00	23.60
2018	3	14	14	0	00	34.00	108.00	24.40
2018	3	14	14	16	00	31.00	50.00	25.20
2018	3	14	14	30	00	36.00	36.00	25.50
2018	3	14	14	45	00	21.00	31.00	25.70
2018	3	14	15	1	00	27.00	53.00	25.90
2018	3	14	15	15	00	32.00	44.00	26.00
2018	3	14	15	30	00	29.00	38.00	26.10
2018	3	14	15	46	00	26.00	55.00	26.10
2018	3	14	16	0	00	26.00	53.00	26.30
2018	3	14	16	16	00	23.00	54.00	26.60
2018	3	14	16	30	00	30.00	51.00	26.50
2018	3	14	16	46	00	31.00	46.00	26.70
2018	3	14	17	0	00	40.00	25.00	26.80
2018	3	14	17	15	00	39.00	24.00	26.90
2018	3	14	17	30	00	34.00	42.00	27.20
2018	3	14	17	45	00	34.00	72.00	26.60
2018	3	14	18	1	00	35.00	63.00	26.50
2018	3	14	18	15	00	39.00	56.00	26.70
2018	3	14	18	31	00	35.00	48.00	27.10
2018	3	14	18	45	00	31.00	66.00	26.50
2018	3	14	19	1	00	39.00	58.00	26.60
2018	3	14	19	15	00	40.00	56.00	26.60
2018	3	14	19	30	00	33.00	63.00	26.50
2018	3	14	19	46	00	52.00	73.00	26.50
2018	3	14	20	0	00	49.00	62.00	26.40
2018	3	14	20	16	00	59.00	73.00	26.40
2018	3	14	20	30	00	63.00	78.00	26.40
2018	3	14	20	46	00	54.00	77.00	26.10
2018	3	14	21	0	00	56.00	53.00	25.90
2018	3	14	21	15	00	39.00	49.00	25.60
2018	3	14	21	31	00	41.00	72.00	25.70
2018	3	14	21	45	00	65.00	48.00	25.50
2018	3	14	22	1	00	76.00	54.00	25.50
2018	3	14	22	15	00	78.00	50.00	25.40
2018	3	14	22	31	00	85.00	43.00	25.40
2018	3	14	22	45	00	72.00	55.00	25.40
2018	3	14	23	1	00	75.00	41.00	25.30
2018	3	14	23	15	00	80.00	36.00	25.30
2018	3	14	23	30	00	65.00	43.00	25.20
2018	3	14	23	46	00	93.00	34.00	25.20
2018	3	15	0	15	00	83.00	37.00	25.20
2018	3	15	0	31	00	93.00	30.00	25.20
2018	3	15	0	45	00	89.00	28.00	25.10
2018	3	15	1	0	00	77.00	22.00	25.10
2018	3	15	1	16	00	93.00	21.00	25.00
2018	3	15	1	30	00	90.00	14.00	24.90
2018	3	15	1	46	00	98.00	21.00	24.90
2018	3	15	2	0	00	96.00	12.00	24.80
2018	3	15	2	16	00	99.00	16.00	24.70
2018	3	15	2	30	00	95.00	19.00	24.80
2018	3	15	2	46	00	90.00	17.00	24.80